Punto de polarización

# Caso 1.6GHz, Vce= 1.0V     Ic=37mA
s11= complex(-0.6069, 0.1424)
s12= complex(0.0290, 0.0375)
s21= complex(1.2071, 5.4448)
s22= complex(0.0348, -0.0550)



Resultados de la microtira de zo_in (TRAFO DE ENTRADA)=  23.952560044063233
A= 0.8239329788743281
B= 11.654751897114043
w_H= 5.455069532676013
w= 0.00905541542424218
Eef= 3.728312049119774
Zo= 23.99649462601731
we= 0.009124410245726813
lamda= 0.1875
lamda_eff= 0.09710579426304657
lamda_eff_4= 0.02427644856576164


Resultados de la microtira de zo_out (TRAFO DE SALIDA)=  61.637777959103936
A= 1.8654973785990734
B= 4.5290591883358395
w_H= 1.30091679483624
w= 0.002159521879428158
Eef= 3.297295680574889
Zo= 61.65308511544956
we= 0.0022552667801341406
lamda= 0.1875
lamda_eff= 0.10325767100452724
lamda_eff_4= 0.02581441775113181


Resultados de la microtira de zo=  50
A= 1.5438461879006087
B= 5.58322289228568
w_H= 1.8799424401533777
w= 0.003120704450654607
Eef= 3.394045414212015
Zo= 50.227259972432684
we= 0.0031896992721392407
lamda= 0.1875
lamda_eff= 0.1017753131919816
lamda_eff_4= 0.0254438282979954



Cin ENTRADA ####
Lambda en metros:  0.1875
Lambda en microtira:  (0.137113579523837+0j)
Reactancia CAPACITIVA:  16.143106669105773
Beta:  45.8246756375233

d_cin= 0.018372473823812668



Cout SALIDA ####
Lambda en metros:  0.1875
Lambda en microtira:  (0.137113579523837+0j)
Reactancia CAPACITIVA:  73.9045436613078
Beta:  45.8246756375233

d_cout= 0.008277803691829167

########################################

Cdecoup y Lch

Resultados de la microtira de zo (CAPACITOR DECOUP)=  30
A= 0.9910753895080419
B= 9.3053714871428
w_H= 4.0482987732505675
w= 0.006720175963595942
Eef= 3.6289412086559873
Zo= 30.087412616610884
we= 0.006789170785080576
lamda= 0.1875
lamda_eff= 0.09842633315041192
lamda_eff_4= 0.02460658328760298

d_cdecoup= 0.02226286188242116



Resultados de la microtira de zo (INDUCTOR DE CHOQUE)=  100
A= 2.925773183882025
B= 2.79161144614284
w_H= 0.4314670453509711
w= 0.000716235295282612
Eef= 3.0889540153668946
Zo= 99.88289500405604
we= 0.0007979282992842046
lamda= 0.1875
lamda_eff= 0.10668308122658889
lamda_eff_4= 0.02667077030664722

d_Lch= 0.024638866969881452

